175
213
1091
1130
1207
1295
1296
1418
1544
1649
1653
1768
1802
1902
2099
2104
2205
2300
2302
2368
2436
2438
2523
2657
2689
2712
2714
2718
2729
2771
2772
2777
2778
2817
2818
2819
2893
2894
2895
2902
2904
2905
2906
2913
2918
2945
2956
3046
3085
3117
3132
3151
3161
3208
3241
3242
3282
3283
3284
3290
3310
3314
3328
3343
3344
3345
3365
3379
3381
3382
3428
3429
3432
3433
3434
3435
3437
3438
3443
3444
3446
3448
3461
3462
3463
3498
3501
3507
3514
3515
3529
3530
3531
3532
3535
3539
3608
3615
3616
3617
3625
3633
3859
3888
3938
4080
4362
4421
4444
4447
4478
4614
4631
4678
4685
4686
4702
4733
4745
4818
4880
5007
5030
5031
5062
5063
5121
5122
5124
5125
5332
5333
5480
5653
5654
5655
5982
6012
6159
6191
6310
6311
6313
6634
6999
7022
7037
7098
7298
7407
7432
7564
7980
8008
8105
8158
8492
8506
8585
8704
8925
9271
9586
9659
9681
9766
9843
10156
10190
10315
10488
10496
10956
10957
10958
10959
10960
10962
10977
11009
11147
11148
11247
11912
11913
12185
12272
12275
12335
12336
12522
12635
12933
12974
13755
13833
14177
14178
14179
14180
14181
14186
14211
14309
14356
14367
14553
14585
14710
14711
14712
14713
14722
14723
14840
14968
15008
15026
15027
15028
15058
15061
15062
15070
15108
15165
15337
15338
15357
15359
15360
15387
15393
15394
15395
15396
15443
15510
15529
15535
15536
15544
15545
15546
15547
15570
15655
15656
15657
15658
15659
15702
15819
15909
16013
16043
16044
16166
16274
16275
16630
16631
16688
16693
16694
16765
16766
16770
16812
16895
16896
16902
16903
16904
16906
16912
16913
16916
16962
16969
17004
17013
17029
17027
17037
17075
17586
17601
17622
17670
17679
17726
17741
17774
17775
17795
17856
17963
18041
18492
18601
18965
18968
18975
19063
19202
19378
19379
19381
19531
19607
19796
19914
20090
20106
20260
20468
20570
20620
20623
20663
20926
21044
21046
21050
21104
21192
21202
21233
21264
21295
21302
21379
21405
21440
21587
21620
21855
22175
22185
22214
22316
22330
22333
22334
22335
22428
22445
22512
22513
22516
22544
22686
22726
22786
22879
22951
22957
22958
23126
23127
23135
23136
23137
23151
23193
23194
23513
23592
23597
23598
23634
23635
23650
23654
23656
23686
23692
23693
23695
23712
23718
23719
23720
23721
23730
23749
23970
23976
23977
24050
24058
24196
24519
24603
24661
24662
24673
24768
24770
24913
24994
25011
25017
25018
25019
25026
25040
25102
25144
25145
25153
25154
25162
25173
25174
25199
25203
25233
25308
25309
25310
25320
25321
25339
25405
25418
25435
25447
25485
25539
25570
25596
25606
25632
25633
25685
25706
25748
25754
25817
25873
25947
25948
25949
25950
25951
25952
25953
25954
25955
25956
25957
25958
25959
25960
25961
25965
25966
25972
25995
25996
26119
26291
26333
26334
26404
26417
26418
26421
26422
26423
26485
26508
26509
26510
26517
26523
26524
26525
26527
26529
26530
26574
26594
26665
26669
26670
26740
26741
26743
26751
26752
26793
26796
26938
27119
27248
27326
27338
27364
27390
27437
27480
27563
27564
27693
27694
27708
27878
27882
27899
27907
27906
27962
27986
27997
28001
28002
28012
28102
28142
28147
28168
28328
28342
28345
28361
28416
28470
28475
28481
28482
28560
28625
28626
28627
28629
28632
28690
28705
28724
28764
28765
28897
28983
29174
29194
29225
29489
29490
29532
29684
29727
29728
29783
29820
29821
30110
30119
30120
30132
30172
30181
30186
30287
30294
30296
30297
30298
30299
30301
30302
30303
30316
30317
30385
30424
30460
30467
30469
30507
30510
30512
30513
30514
30541
30580
30589
30590
30683
30729
30744
30755
30867
30869
30870
30926
30942
30947
30974
30980
30988
30999
31018
31019
31020
31021
31027
31073
31105
31153
31154
31155
31160
31180
31181
31187
31217
31247
31248
31249
31379
31463
31464
31485
31494
31495
31522
31523
31545
31554
31574
31592
31646
31724
31731
31858
31896
31904
31986
32000
32001
32052
32053
32054
32055
32058
32062
32063
32073
32087
32090
32106
32134
32136
32137
32156
32163
32194
32195
32196
32197
32198
32204
32205
32234
32235
32246
32258
32261
32271
32281
32282
32283
32319
32323
32335
32338
32339
32345
32356
32364
32368
32424
32425
32426
32463
32512
32592
32616
32625
32632
32635
32721
32722
32751
32817
32821
32854
32922
32923
32924
32925
32928
32936
32939
32940
32941
32957
32967
32997
33017
33018
33019
33087
33125
33159
33169
33181
33182
33184
33185
33193
33194
33195
33196
33197
33201
33202
33254
33255
33263
33378
33423
33486
33491
33493
33494
33495
33499
33523
33525
33526
33532
33537
33538
33539
33566
33580
33583
33584
33585
33589
33590
33592
33648
33649
33660
33661
33662
33670
33674
33675
33676
33679
33680
33687
33701
33705
33706
33707
33751
33766
33767
33768
33777
33786
33796
33833
33915
33928
33929
33933
33936
33968
33972
33973
33974
33983
33995
34005
34006
34012
34013
34083
34113
34114
34199
34210
34223
34260
34265
34266
34267
34298
34299
34300
34307
34317
34327
34352
34353
34391
34403
34434
34435
34463
34467
34564
34565
34566
34568
34569
34570
34571
34572
34580
34586
34587
34598
34644
34647
34648
34654
34655
34656
34659
34660
34667
34668
34669
34673
34674
34675
34676
34678
34692
34693
34695
34699
34707
34713
34725
34730
34731
34749
34750
34751
34760
34761
34881
34884
34885
34895
34949
34959
34973
34974
34978
34979
34997
35012
35024
35030
35034
35035
35115
35116
35124
35125
35193
35197
35204
35261
35263
35264
35270
35332
35365
35366
35394
35404
35410
35411
35435
35468
35474
35475
35478
35490
35493
35494
35503
35514
35515
35527
35529
35599
35668
35686
35707
35708
35709
35713
35760
35761
35762
35805
35846
35847
35848
35849
35850
35861
35865
35866
35867
35876
35877
35882
35883
35884
35908
35909
35919
35920
35921
35924
35927
35928
35934
35935
35936
35951
35976
35988
35992
35995
35996
35997
36019
36020
36021
36028
36029
36031
36032
36035
36054
36196
36207
36225
36227
36253
36270
36286
36423
36541
36551
36557
36589
36632
36724
36776
36791
36961
37007
37008
37023
37024
37038
37109
37116
37123
37148
37184
37192
37218
37230
37234
37358
37368
37505
37538
37576
37694
37714
37716
37736
37770
37774
37775
37834
37866
37907
37937
37970
37990
37991
37992
37997
37998
37999
38000
38014
38015
38030
38058
38153
38154
38167
38231
38232
38233
38295
38316
38320
38358
38362
38390
38456
38467
38566
38609
38662
38663
38664
38700
38701
38702
38721
38722
38742
38761
38776
38785
38828
38829
38862
38953
38987
38988
39009
39010
39003
39094
39097
39098
39153
39154
39159
39195
39223
39224
39228
39229
39237
39247
39278
39288
39291
39297
39298
39299
39300
39301
39306
39316
39363
39373
39406
39407
39451
39452
39465
39472
39473
39474
39517
39571
39572
39573
39583
39584
39595
39617
39639
39648
39663
39686
39687
39688
39711
39715
39719
39742
39743
39744
39745
39746
39761
39762
39784
39785
39794
39804
39805
39807
39821
39823
39830
39831
39882
39911
39938
39940
40029
40041
40061
40062
40063
40064
40065
40079
40088
40089
40090
40091
40110
40117
40122
40123
40149
40161
40178
40188
40201
40205
40240
40260
40261
40262
40270
40300
40333
40360
40392
40393
40395
40396
40414
40415
40416
40423
40442
40486
40489
40490
40494
40547
40568
40569
40570
40597
40598
40600
40609
40622
40703
40716
40717
40718
40722
40742
40758
40763
40764
40765
40769
40772
40779
40799
40800
40822
40823
40830
40831
40835
40867
40875
40877
40913
40914
40944
40955
40958
40982
40986
40990
41027
41028
41038
41039
41051
41092
41094
41097
41106
41113
41125
41126
41136
41142
41159
41161
41162
41184
41186
41188
41189
41190
41196
41204
41205
41206
41209
41214
41224
41225
41228
41229
41249
41252
41253
41254
41259
41263
41268
41276
41277
41278
41295
41303
41310
41316
41341
41347
41348
41365
41366
41386
41395
41405
41406
41411
41426
41458
41462
41467
41468
41514
41520
41545
41626
41629
41633
41645
41649
41660
41661
41666
41667
41671
41676
41681
41687
41697
41701
41709
41768
41769
41787
41832
41833
41834
41839
41842
41843
41849
41851
41857
41863
41881
41891
41902
41903
41904
41910
41917
41919
41924
41925
41935
41937
41941
41943
41947
41967
41976
41980
41987
41991
41993
41995
42028
42029
42030
42031
42035
42039
42040
42041
42049
42051
42061
42085
42087
42088
42089
42092
42094
42109
42110
42112
42113
42114
42123
42126
42127
42129
42131
42132
42133
42139
42146
42157
42170
42171
42172
42176
42179
42180
42181
42184
42221
42224
42253
42254
42286
42304
42311
42346
42347
42348
42378
42387
42393
42400
42494
42607
42683
42779
42782
42844
42918
42935
42967
42968
42972
42974
42977
42978
42979
43002
43139
43141
43175
43229
43231
43307
43524
43544
43549
43550
43559
43560
43561
43587
43588
43605
43612
43613
43621
43663
43668
43678
43685
43696
43843
43844
43860
43867
43872
43893
43894
43895
43896
43912
43914
43968
43973
43976
43977
43984
43991
43995
43996
43998
44001
44012
44030
44079
44080
44090
44110
44167
44173
44174
44176
44177
44178
44180
44181
44187
44203
44219
44220
44274
44286
44287
44288
44301
44302
44330
44334
44339
44340
44347
44365
44374
44405
44412
44417
44461
44471
44476
44494
44740
44741
44742
44750
44755
44821
44844
44847
44852
44883
44885
44890
44891
44904
44916
44925
44926
44946
44947
44948
44958
44968
44969
44995
45015
45017
45018
45027
45028
45055
45056
45057
45125
45126
45127
45161
45172
45187
45188
45191
45192
45199
45200
45201
45238
45262
45264
45275
45282
45295
45300
45309
45311
45316
45317
45323
45350
45351
45374
45438
45439
45440
45441
45442
45478
45479
45481
45498
45499
45505
45519
45524
45533
45543
45546
45548
45590
45591
45602
45630
45636
45637
45647
45677
45683
45687
45689
45695
45697
45699
45703
45708
45709
45711
45757
45789
45805
45806
45863
45864
45912
45924
45941
45944
45959
45963
45964
45971
45974
45975
46013
46032
46047
46049
46063
46094
46102
46137
46138
46139
46143
46144
46153
46154
46157
46180
46181
46189
46190
46193
46227
46255
46273
46293
46295
46296
46301
46302
46305
46309
46310
46315
46324
46326
46329
46335
46352
46360
46362
46373
46385
46396
46415
46416
46419
46436
46437
46438
46495
46517
46524
46540
46544
46553
46559
46639
46640
46650
46651
46654
46683
46704
46708
46730
46731
46732
46733
46734
46735
46737
46739
46740
46752
46753
46754
46755
46756
46762
46763
46765
46766
46771
46774
46801
46806
46807
46810
46811
46816
46818
46819
